     0
     0
     0
  3700
  9890
   946
   774
  1120
  1416
  1780
  2106
  2418
  2734
  3072
  3402
  3706
  4042
  4340
  4678
  4982
  5304
  5590
  5930
  6220
  6526
  6836
  7128
  7424
  7708
  7978
  8306
  8568
  8858
  9116
  9396
  9676
  9916
 10174
 10458
 10692
 10936
 11218
 11388
 11686
 11892
 12114
 12308
 12550
 12768
 12954
 13160
 13334
 13562
 13720
 13896
 14084
 14210
 14422
 14544
 14694
 14842
 14952
 15126
 15242
 15338
 15492
 15572
 15636
 15810
 15806
 15974
 15966
 16070
 16146
 16184
 16232
 16272
 16280
 16386
 16292
 16398
 16396
 16350
 16422
 16338
 16364
 16326
 16278
 16258
 16190
 16178
 16086
 16048
 15940
 15904
 15804
 15724
 15598
 15526
 15418
 15242
 15180
 15044
 14900
 14806
 14600
 14454
 14352
 14120
 13974
 13844
 13604
 13456
 13216
 13086
 12848
 12650
 12416
 12234
 11992
 11782
 11524
 11328
 11030
 10844
 10558
 10300
 10080
  9770
  9530
  9256
  8982
  8710
  8426
  8142
  7866
  7572
  7256
  6986
  6654
  6364
  6098
  5756
  5446
  5140
  4824
  4518
  4190
  3882
  3542
  3236
  2906
  2578
  2262
  1938
  1580
  1288
   954
   630
   250
    -8
  -378
  -708
 -1030
 -1374
 -1660
 -2022
 -2338
 -2670
 -2986
 -3306
 -3640
 -3954
 -4276
 -4576
 -4922
 -5208
 -5532
 -5848
 -6124
 -6466
 -6762
 -7050
 -7338
 -7652
 -7932
 -8206
 -8494
 -8776
 -9064
 -9326
 -9590
 -9876
-10120
-10392
-10630
-10868
-11150
-11342
-11596
-11864
-12054
-12272
-12470
-12722
-12894
-13132
-13296
-13488
-13678
-13854
-14032
-14182
-14358
-14520
-14680
-14810
-14930
-15086
-15172
-15326
-15438
-15572
-15630
-15760
-15794
-15946
-15964
-16060
-16090
-16198
-16204
-16268
-16280
-16364
-16316
-16432
-16322
-16380
-16386
-16388
-16370
-16280
-16328
-16260
-16224
-16184
-16108
-16030
-15986
-15912
-15804
-15792
-15552
-15602
-15444
-15294
-15200
-15054
-15002
-14768
-14670
-14506
-14366
-14168
-14042
-13836
-13700
-13450
-13348
-13070
-12892
-12710
-12510
-12252
-12054
-11820
-11598
-11372
-11128
-10856
-10636
-10386
-10092
 -9876
 -9588
 -9322
 -9056
 -8774
 -8490
 -8216
 -7940
 -7620
 -7356
 -7050
 -6758
 -6422
 -6162
 -5836
 -5528
 -5210
 -4918
 -4590
 -4270
 -3944
 -3652
 -3302
 -2992
 -2664
 -2326
 -2020
 -1690
 -1354
 -1026
  -698
  -362
   -20
   258
   608
   956
  1276
  1616
  1924
  2244
  2608
  2904
  3222
  3554
  3864
  4206
  4508
  4828
  5150
  5438
  5774
  6064
  6362
  6692
  6974
  7278
  7562
  7858
  8146
  8426
  8706
  9000
  9260
  9512
  9804
 10064
 10316
 10586
 10802
 11086
 11304
 11538
 11752
 12012
 12210
 12448
 12662
 12868
 13052
 13252
 13474
 13606
 13808
 13998
 14152
 14314
 14456
 14680
 14752
 14896
 15056
 15166
 15316
 15372
 15540
 15612
 15708
 15774
 15928
 15990
 16006
 16122
 16166
 16180
 16264
 16308
 16296
 16362
 16348
 16360
 16450
 16306
 16384
 16422
 16296
 16276
 16330
 16200
 16182
 16106
 16092
 15994
 15964
 15790
 15796
 15640
 15586
 15484
 15302
 15274
 15078
 15004
 14796
 14718
 14558
 14394
 14222
 14052
 13906
 13722
 13540
 13324
 13166
 12980
 12738
 12514
 12350
 12096
 11904
 11612
 11446
 11214
 10910
 10682
 10438
 10194
  9922
  9658
  9412
  9116
  8830
  8578
  8290
  7994
  7720
  7396
  7140
  6818
  6510
  6226
  5932
  5604
  5298
  4974
  4664
  4354
  4042
  3700
  3406
  3062
  2748
  2434
  2090
  1744
  1462
  1088
   804
   444
   114
  -188
  -554
  -858
 -1204
 -1514
 -1842
 -2190
 -2500
 -2818
 -3140
 -3496
 -3776
 -4122
 -4428
 -4748
 -5066
 -5388
 -5670
 -6006
 -6300
 -6596
 -6900
 -7204
 -7498
 -7776
 -8082
 -8364
 -8634
 -8912
 -9206
 -9460
 -9714
-10016
-10238
-10504
-10758
-11014
-11244
-11494
-11702
-11954
-12162
-12376
-12618
-12786
-13026
-13192
-13400
-13568
-13814
-13920
-14148
-14268
-14420
-14570
-14742
-14910
-14992
-15160
-15254
-15374
-15494
-15588
-15696
-15768
-15914
-15906
-16048
-16038
-16200
-16182
-16190
-16368
-16258
-16354
-16346
-16382
-16390
-16388
-16378
-16378
-16304
-16344
-16280
-16216
-16202
-16156
-16098
-15992
-15940
-15884
-15772
-15694
-15606
-15448
-15406
-15272
-15108
-15006
-14882
-14714
-14606
-14434
-14290
-14066
-13950
-13780
-13578
-13398
-13212
-13004
-12806
-